R 0 2 4 6 8 10 12 14 16 18 20 22 24 26 28 30 32 34 36 38 40 42 44 46 48 50 52 54 56 58 60 62 64 66 68 70 72 74 76 78 80 82 84 86 88 90 92 94 96 1 3 5 7 9 11 13 15 17 19 21 23 25 27 29 31 33 35 37 39 41
TICK
X_ERROR(0.1) 0 2 4 6 8 10 12 14 16 18 20 22 24 26 28 30 32 34 36 38 40 42 44 46 48 50 52 54 56 58 60 62 64 66 68 70 72 74 76 78 80 82 84 86 88 90 92 94 96
TICK
CX 0 1 4 1 8 1 12 1 2 3 4 3 10 3 12 3 6 5 8 5 10 5 12 5 14 7 18 7 22 7 26 7 16 9 18 9 24 9 26 9 20 11 22 11 24 11 26 11 28 13 32 13 36 13 40 13 30 15 32 15 38 15 40 15 34 17 36 17 38 17 40 17 42 19 46 19 50 19 54 19 44 21 46 21 52 21 54 21 48 23 50 23 52 23 54 23 56 25 60 25 64 25 68 25 58 27 60 27 66 27 68 27 62 29 64 29 66 29 68 29 70 31 74 31 78 31 82 31 72 33 74 33 80 33 82 33 76 35 78 35 80 35 82 35 84 37 88 37 92 37 96 37 86 39 88 39 94 39 96 39 90 41 92 41 94 41 96 41
TICK
MR 1 3 5 7 9 11 13 15 17 19 21 23 25 27 29 31 33 35 37 39 41
DETECTOR rec[-21]
DETECTOR rec[-20]
DETECTOR rec[-19]
DETECTOR rec[-18]
DETECTOR rec[-17]
DETECTOR rec[-16]
DETECTOR rec[-15]
DETECTOR rec[-14]
DETECTOR rec[-13]
DETECTOR rec[-12]
DETECTOR rec[-11]
DETECTOR rec[-10]
DETECTOR rec[-9]
DETECTOR rec[-8]
DETECTOR rec[-7]
DETECTOR rec[-6]
DETECTOR rec[-5]
DETECTOR rec[-4]
DETECTOR rec[-3]
DETECTOR rec[-2]
DETECTOR rec[-1]
TICK
M 0 2 4 6 8 10 12 14 16 18 20 22 24 26 28 30 32 34 36 38 40 42 44 46 48 50 52 54 56 58 60 62 64 66 68 70 72 74 76 78 80 82 84 86 88 90 92 94 96
OBSERVABLE_INCLUDE(0) rec[-49]